2
1.25
3
1.6400000000000003
0
1.1199999999999999
6
1.5600000000000003
4
0.9499999999999997
break
2
1.25
3
1.25
4
1.25
0
1.0099999999999998
break
2
1.25
0
1.25
1
1.25
4
0.8999999999999997
break
2
0.9599999999999997
3
1.32
1
1.3
0
1.29
4
1.3
6
1.6300000000000003
5
0.9599999999999997
7
0.8999999999999997
break
2
1.25
3
1.25
4
1.25
5
1.25
6
1.25
7
1.25
0
1.25
break
3
1.25
2
1.25
1
1.25
0
1.25
7
1.25
6
1.25
5
1.25
break
3
1.25
4
1.25
2
1.25
1
1.25
0
1.25
7
1.25
5
1.25
break
2
0.9999999999999998
3
1.35
4
0.9999999999999998
5
1.5300000000000002
6
0.9999999999999998
7
1.5400000000000003
0
0.9999999999999998
break
2
1.25
4
1.25
5
1.25
6
1.25
7
1.25
0
1.25
1
1.7800000000000005
break
4
1.25
3
1.25
2
1.25
1
1.25
break
2
1.25
6
1.25
0
1.25
4
1.25
break
4
1.0099999999999998
5
1.25
6
1.4800000000000002
7
1.6900000000000004
0
1.8700000000000006
1
2.069999999999999
2
2.2899999999999943
3
2.5199999999999894
break
4
0.9999999999999998
3
1.25
2
1.5200000000000002
5
1.8100000000000005
break
6
1.25
2
1.25
4
1.6900000000000004
0
1.6600000000000004
break
3
1.36
2
1.36
1
1.36
5
0.9999999999999998
6
0.9999999999999998
7
0.9999999999999998
break
3
1.3900000000000001
4
1.3900000000000001
5
1.3900000000000001
1
0.9999999999999998
0
0.9999999999999998
7
0.9999999999999998
break
4
0.9999999999999998
0
0.9999999999999998
2
1.4800000000000002
6
1.5100000000000002
break
1
1.55
0
1.55
7
1.55
3
0.9899999999999998
5
0.9999999999999998
break
3
1.17
7
1.33
4
1.25
0
1.25
2
1.0999999999999999
6
1.3900000000000001